     X       HSNLF(1)-0213 AIRFOIL-Re=   2e+06-Alpha=13.00-NCrit=  5.0-XTrTop=0.013-XtrBot=0.600    
            1        0.01562599  
    0.9921412        0.01196135  
    0.9777337       0.005360898  
     0.960713      -0.002151408  
    0.9422819       -0.01011298  
    0.9237904       -0.01792469  
    0.9051111       -0.02549177  
    0.8864384       -0.03281762  
    0.8679974       -0.03962587  
    0.8494226        -0.0458078  
    0.8306075       -0.05109425  
    0.8117792       -0.05448567  
    0.7930357       -0.05434093  
     0.774045       -0.06538603  
    0.7550649       -0.08621815  
    0.7362377        -0.1175598  
    0.7172768        -0.1617492  
    0.6982866        -0.2181303  
    0.6795792        -0.2862294  
    0.6611612        -0.3611741  
      0.64293        -0.4388884  
    0.6248346        -0.5146737  
    0.6067538        -0.5835811  
    0.5885918        -0.6451021  
    0.5703401         -0.698702  
    0.5519256         -0.744154  
    0.5333591        -0.7860202  
    0.5146946        -0.8232178  
    0.4958731        -0.8571912  
    0.4769659        -0.8922885  
     0.458003        -0.9253337  
    0.4389577        -0.9598186  
    0.4199146        -0.9959743  
    0.4008424         -1.031214  
     0.381746         -1.069784  
    0.3626754         -1.109685  
    0.3436056         -1.151361  
    0.3245674         -1.196418  
    0.3055719         -1.242958  
    0.2865975         -1.292037  
    0.2676552         -1.345559  
    0.2487836          -1.40438  
    0.2299767         -1.466892  
    0.2112331         -1.537294  
    0.1926047         -1.617413  
    0.1741288         -1.707766  
    0.1558217         -1.809249  
    0.1377063         -1.926746  
    0.1198578         -2.069019  
    0.1024444          -2.24539  
   0.08568812         -2.455017  
   0.06990154         -2.723828  
   0.05556664         -3.054362  
    0.0432344         -3.432776  
   0.03314542         -3.927649  
   0.02518262         -4.467684  
   0.01890076         -5.115649  
   0.01396341         -6.276558  
   0.01011022         -6.830166  
  0.007096279         -7.228506  
   0.00476122         -7.523227  
   0.00299091         -7.622963  
  0.001698986         -7.546465  
 0.0008148926         -7.295179  
 0.0002753304         -7.023329  
 3.437988e-06          -7.49824  
  0.000101287         -7.820808  
 0.0008481927         -5.155364  
  0.002140653         -3.151205  
  0.003943258          -1.62505  
  0.006280759        -0.5324961  
  0.009161174         0.1142005  
   0.01268969         0.5235668  
   0.01705652         0.7733715  
   0.02254311         0.9137167  
   0.02950606         0.9811616  
   0.03842836         0.9999695  
   0.04985273         0.9824895  
   0.06401534         0.9416468  
   0.08029934         0.8898818  
   0.09785619         0.8355438  
     0.116069         0.7829946  
    0.1346672         0.7342926  
    0.1534473         0.6887916  
    0.1723102         0.6471037  
    0.1913121          0.610007  
    0.2105049          0.575664  
    0.2297868         0.5427087  
    0.2490923         0.5114395  
    0.2684359         0.4823148  
    0.2878255         0.4544851  
    0.3072271         0.4276413  
    0.3266362         0.4018169  
    0.3460285         0.3766177  
    0.3654049          0.352922  
    0.3847983         0.3303035  
    0.4041913         0.3083077  
    0.4235831         0.2870612  
    0.4429514         0.2660663  
    0.4623048         0.2471121  
     0.481744         0.2297298  
    0.5012808         0.2107666  
    0.5206768         0.1867513  
    0.5398804         0.1654979  
    0.5590887         0.1460022  
    0.5782478         0.1255104  
    0.5973307         0.1038535  
    0.6162501        0.08213736  
    0.6348849        0.06790845  
     0.653279        0.05135175  
    0.6713838        0.03315837  
    0.6888136        0.00249752  
    0.7051413     -0.0005145947  
    0.7215115        0.06357063  
    0.7383453         0.1509674  
    0.7550308         0.2086277  
    0.7722761         0.2186062  
    0.7904237         0.2187329  
    0.8090345         0.2192808  
    0.8278229         0.2184921  
    0.8467215         0.2143626  
    0.8657759         0.2058853  
    0.8850419         0.1963184  
    0.9043742         0.1884696  
    0.9235421         0.1828174  
    0.9423159         0.1739427  
    0.9605606         0.1592893  
    0.9776396         0.1333261  
    0.9921293        0.08886766  
            1        0.01562599  

