     X       HSNLF(1)-0213 AIRFOIL-Re=   7e+06-Alpha= 0.00-NCrit=  9.0-XTrTop=0.600-XtrBot=0.600    
            1          0.268981  
    0.9921412         0.2646806  
    0.9777337         0.2571003  
     0.960713         0.2374252  
    0.9422819         0.2226835  
    0.9237904          0.214666  
    0.9051111         0.1963615  
    0.8864384         0.1850418  
    0.8679974         0.1672328  
    0.8494226         0.1371636  
    0.8306075           0.10566  
    0.8117792        0.07628567  
    0.7930357        0.03794211  
     0.774045       -0.01080137  
    0.7550649       -0.05263515  
    0.7362377        -0.1145347  
    0.7172768        -0.1881697  
    0.6982866        -0.2597485  
    0.6795792        -0.3410726  
    0.6611612        -0.4148249  
      0.64293        -0.4808606  
    0.6248346        -0.5415868  
    0.6067538        -0.6165009  
    0.5885918        -0.6440446  
    0.5703401        -0.6552019  
    0.5519256        -0.6607896  
    0.5333591        -0.6650359  
    0.5146946        -0.6645162  
    0.4958731        -0.6606684  
    0.4769659        -0.6592571  
     0.458003        -0.6547972  
    0.4389577        -0.6518179  
    0.4199146         -0.649923  
    0.4008424        -0.6453131  
     0.381746         -0.643091  
    0.3626754        -0.6401352  
    0.3436056        -0.6365933  
    0.3245674        -0.6337781  
    0.3055719        -0.6289257  
    0.2865975        -0.6227588  
    0.2676552        -0.6165767  
    0.2487836        -0.6101973  
    0.2299767        -0.6010109  
    0.2112331        -0.5919221  
    0.1926047        -0.5827341  
    0.1741288        -0.5715781  
    0.1558217        -0.5565846  
    0.1377063        -0.5384923  
    0.1198578        -0.5193731  
    0.1024444        -0.4987238  
   0.08568812        -0.4686938  
   0.06990154        -0.4361581  
   0.05556664         -0.390778  
    0.0432344         -0.326572  
   0.03314542         -0.270343  
   0.02518262        -0.1878861  
   0.01890076       -0.08893777  
   0.01396341       0.007092419  
   0.01011022         0.1689169  
  0.007096279         0.3790475  
   0.00476122         0.6025215  
   0.00299091         0.8089491  
  0.001698986         0.9757788  
 0.0008148926          1.088324  
 0.0002753304          1.135482  
 3.437988e-06           1.10475  
  0.000101287         0.9144594  
 0.0008481927         0.6353992  
  0.002140653          0.339476  
  0.003943258        0.07795518  
  0.006280759       -0.05164534  
  0.009161174        -0.1506125  
   0.01268969        -0.2042495  
   0.01705652        -0.2106886  
   0.02254311        -0.2034408  
   0.02950606        -0.2261812  
   0.03842836        -0.2484803  
   0.04985273        -0.2416198  
   0.06401534        -0.2383316  
   0.08029934        -0.2386595  
   0.09785619        -0.2474127  
     0.116069        -0.2575818  
    0.1346672        -0.2652716  
    0.1534473        -0.2750078  
    0.1723102        -0.2826417  
    0.1913121        -0.2837227  
    0.2105049        -0.2845032  
    0.2297868        -0.2885789  
    0.2490923        -0.2938913  
    0.2684359        -0.2981325  
    0.2878255        -0.3030423  
    0.3072271        -0.3088173  
    0.3266362        -0.3148789  
    0.3460285        -0.3218345  
    0.3654049        -0.3271244  
    0.3847983         -0.331625  
    0.4041913        -0.3361798  
    0.4235831        -0.3402928  
    0.4429514        -0.3448818  
    0.4623048        -0.3460005  
     0.481744        -0.3448689  
    0.5012808         -0.347774  
    0.5206768        -0.3611732  
    0.5398804        -0.3694147  
    0.5590887        -0.3745453  
    0.5782478        -0.3819152  
    0.5973307        -0.3917576  
    0.6162501        -0.3941002  
    0.6348849        -0.3940737  
     0.653279        -0.3983489  
    0.6713838        -0.4011064  
    0.6888136        -0.4267169  
    0.7051413        -0.3997097  
    0.7215115         -0.253634  
    0.7383453        -0.0830069  
    0.7550308        0.02513867  
    0.7722761        0.06058117  
    0.7904237        0.08203287  
    0.8090345         0.1037318  
    0.8278229         0.1234376  
    0.8467215         0.1389134  
    0.8657759         0.1497041  
    0.8850419         0.1609786  
    0.9043742         0.1767812  
    0.9235421         0.1976577  
    0.9423159         0.2181224  
    0.9605606         0.2372761  
    0.9776396         0.2531847  
    0.9921293         0.2643508  
            1          0.268981  

